3 
------------------------------------------------------------ 
CSHORE model run defaults 
------------------------------------------------------------ 
1                                         ->ILINE
1                                         ->IPROFL
0                                         ->ISEDAV
0                                         ->IPERM
1                                         ->IOVER
0                                         ->IWTRAN
0                                         ->IPOND
0                                         ->INFILT
0                                         ->IWCINT
1                                         ->IROLL 
0                                         ->IWIND 
0                                         ->ITIDE 
1                                         ->IVEG  
     0.0050                                ->DXC
     0.1000                                ->GAMMA 
     0.1500     0.0165     2.6500         ->D50 WF SG
     0.0050     0.0100     0.5000     0.1000              ->EFFB EFFF SLP
     0.6300     0.0010                    ->TANPHI BLP
     0.0200                               ->RWH 
0                                         ->ILAB
120                                       ->NWAVE 
120                                       ->NSURGE 
       0.00     0.3694     0.0001     0.0000
       0.50     0.3694     0.0001     0.0000
       1.00     0.3694     0.0001     0.0000
       1.50     0.3694     0.0001     0.0000
       2.00     0.3694     0.0001     0.0000
       2.50     0.3694     0.0001     0.0000
       3.00     0.3694     0.0001     0.0000
       3.50     0.3694     0.0001     0.0000
       4.00     0.3694     0.0001     0.0000
       4.50     0.3694     0.0001     0.0000
       5.00     0.3694     0.0001     0.0000
       5.50     0.3694     0.0001     0.0000
       6.00     0.3694     0.0001     0.0000
       6.50     0.3694     0.0001     0.0000
       7.00     0.3694     0.0001     0.0000
       7.50     0.3694     0.0001     0.0000
       8.00     0.3694     0.0001     0.0000
       8.50     0.3694     0.0001     0.0000
       9.00     0.3694     0.0001     0.0000
       9.50     0.3694     0.0001     0.0000
      10.00     0.3694     0.0001     0.0000
      10.50     0.3694     0.0001     0.0000
      11.00     0.3694     0.0001     0.0000
      11.50     0.3694     0.0001     0.0000
      12.00     0.3694     0.0001     0.0000
      12.50     0.3694     0.0001     0.0000
      13.00     0.3694     0.0001     0.0000
      13.50     0.3694     0.0001     0.0000
      14.00     0.3694     0.0001     0.0000
      14.50     0.3694     0.0001     0.0000
      15.00     0.3694     0.0001     0.0000
      15.50     0.3694     0.0001     0.0000
      16.00     0.3694     0.0001     0.0000
      16.50     0.3694     0.0001     0.0000
      17.00     0.3694     0.0001     0.0000
      17.50     0.3694     0.0001     0.0000
      18.00     0.3694     0.0001     0.0000
      18.50     0.3694     0.0001     0.0000
      19.00     0.3694     0.0001     0.0000
      19.50     0.3694     0.0001     0.0000
      20.00     0.3694     0.0001     0.0000
      20.50     0.3694     0.0001     0.0000
      21.00     0.3694     0.0001     0.0000
      21.50     0.3694     0.0001     0.0000
      22.00     0.3694     0.0001     0.0000
      22.50     0.3694     0.0001     0.0000
      23.00     0.3694     0.0001     0.0000
      23.50     0.3694     0.0001     0.0000
      24.00     0.3694     0.0001     0.0000
      24.50     0.3694     0.0001     0.0000
      25.00     0.3694     0.0001     0.0000
      25.50     0.3694     0.0001     0.0000
      26.00     0.3694     0.0001     0.0000
      26.50     0.3694     0.0001     0.0000
      27.00     0.3694     0.0001     0.0000
      27.50     0.3694     0.0001     0.0000
      28.00     0.3694     0.0001     0.0000
      28.50     0.3694     0.0001     0.0000
      29.00     0.3694     0.0001     0.0000
      29.50     0.3694     0.0001     0.0000
      30.00     0.3694     0.0001     0.0000
      30.50     0.3694     0.0001     0.0000
      31.00     0.3694     0.0001     0.0000
      31.50     0.3694     0.0001     0.0000
      32.00     0.3694     0.0001     0.0000
      32.50     0.3694     0.0001     0.0000
      33.00     0.3694     0.0001     0.0000
      33.50     0.3694     0.0001     0.0000
      34.00     0.3694     0.0001     0.0000
      34.50     0.3694     0.0001     0.0000
      35.00     0.3694     0.0001     0.0000
      35.50     0.3694     0.0001     0.0000
      36.00     0.3694     0.0001     0.0000
      36.50     0.3694     0.0001     0.0000
      37.00     0.3694     0.0001     0.0000
      37.50     0.3694     0.0001     0.0000
      38.00     0.3694     0.0001     0.0000
      38.50     0.3694     0.0001     0.0000
      39.00     0.3694     0.0001     0.0000
      39.50     0.3694     0.0001     0.0000
      40.00     0.3694     0.0001     0.0000
      40.50     0.3694     0.0001     0.0000
      41.00     0.3694     0.0001     0.0000
      41.50     0.3694     0.0001     0.0000
      42.00     0.3694     0.0001     0.0000
      42.50     0.3694     0.0001     0.0000
      43.00     0.3694     0.0001     0.0000
      43.50     0.3694     0.0001     0.0000
      44.00     0.3694     0.0001     0.0000
      44.50     0.3694     0.0001     0.0000
      45.00     0.3694     0.0001     0.0000
      45.50     0.3694     0.0001     0.0000
      46.00     0.3694     0.0001     0.0000
      46.50     0.3694     0.0001     0.0000
      47.00     0.3694     0.0001     0.0000
      47.50     0.3694     0.0001     0.0000
      48.00     0.3694     0.0001     0.0000
      48.50     0.3694     0.0001     0.0000
      49.00     0.3694     0.0001     0.0000
      49.50     0.3694     0.0001     0.0000
      50.00     0.3694     0.0001     0.0000
      50.50     0.3694     0.0001     0.0000
      51.00     0.3694     0.0001     0.0000
      51.50     0.3694     0.0001     0.0000
      52.00     0.3694     0.0001     0.0000
      52.50     0.3694     0.0001     0.0000
      53.00     0.3694     0.0001     0.0000
      53.50     0.3694     0.0001     0.0000
      54.00     0.3694     0.0001     0.0000
      54.50     0.3694     0.0001     0.0000
      55.00     0.3694     0.0001     0.0000
      55.50     0.3694     0.0001     0.0000
      56.00     0.3694     0.0001     0.0000
      56.50     0.3694     0.0001     0.0000
      57.00     0.3694     0.0001     0.0000
      57.50     0.3694     0.0001     0.0000
      58.00     0.3694     0.0001     0.0000
      58.50     0.3694     0.0001     0.0000
      59.00     0.3694     0.0001     0.0000
      59.50     0.3694     0.0001     0.0000
      60.00     0.3694     0.0001     0.0000
       0.00     0.0000
       0.50     0.0000
       1.00     0.0000
       1.50     0.0000
       2.00     0.0000
       2.50     0.0000
       3.00     0.0000
       3.50     0.0000
       4.00     0.0000
       4.50     0.0000
       5.00     0.0000
       5.50     0.0000
       6.00     0.0000
       6.50     0.0000
       7.00     0.0000
       7.50     0.0000
       8.00     0.0000
       8.50     0.0000
       9.00     0.0000
       9.50     0.0000
      10.00     0.0000
      10.50     0.0000
      11.00     0.0000
      11.50     0.0000
      12.00     0.0000
      12.50     0.0000
      13.00     0.0000
      13.50     0.0000
      14.00     0.0000
      14.50     0.0000
      15.00     0.0000
      15.50     0.0000
      16.00     0.0000
      16.50     0.0000
      17.00     0.0000
      17.50     0.0000
      18.00     0.0000
      18.50     0.0000
      19.00     0.0000
      19.50     0.0000
      20.00     0.0000
      20.50     0.0000
      21.00     0.0000
      21.50     0.0000
      22.00     0.0000
      22.50     0.0000
      23.00     0.0000
      23.50     0.0000
      24.00     0.0000
      24.50     0.0000
      25.00     0.0000
      25.50     0.0000
      26.00     0.0000
      26.50     0.0000
      27.00     0.0000
      27.50     0.0000
      28.00     0.0000
      28.50     0.0000
      29.00     0.0000
      29.50     0.0000
      30.00     0.0000
      30.50     0.0000
      31.00     0.0000
      31.50     0.0000
      32.00     0.0000
      32.50     0.0000
      33.00     0.0000
      33.50     0.0000
      34.00     0.0000
      34.50     0.0000
      35.00     0.0000
      35.50     0.0000
      36.00     0.0000
      36.50     0.0000
      37.00     0.0000
      37.50     0.0000
      38.00     0.0000
      38.50     0.0000
      39.00     0.0000
      39.50     0.0000
      40.00     0.0000
      40.50     0.0000
      41.00     0.0000
      41.50     0.0000
      42.00     0.0000
      42.50     0.0000
      43.00     0.0000
      43.50     0.0000
      44.00     0.0000
      44.50     0.0000
      45.00     0.0000
      45.50     0.0000
      46.00     0.0000
      46.50     0.0000
      47.00     0.0000
      47.50     0.0000
      48.00     0.0000
      48.50     0.0000
      49.00     0.0000
      49.50     0.0000
      50.00     0.0000
      50.50     0.0000
      51.00     0.0000
      51.50     0.0000
      52.00     0.0000
      52.50     0.0000
      53.00     0.0000
      53.50     0.0000
      54.00     0.0000
      54.50     0.0000
      55.00     0.0000
      55.50     0.0000
      56.00     0.0000
      56.50     0.0000
      57.00     0.0000
      57.50     0.0000
      58.00     0.0000
      58.50     0.0000
      59.00     0.0000
      59.50     0.0000
      60.00     0.0000
401                                  ->NBINP 
   0.000000   0.082000   0.015000
   0.005000   0.082897   0.015000
   0.010000   0.084096   0.015000
   0.015000   0.085480   0.015000
   0.020000   0.087237   0.015000
   0.025000   0.088531   0.015000
   0.030000   0.090342   0.015000
   0.035000   0.092132   0.015000
   0.040000   0.093855   0.015000
   0.045000   0.096069   0.015000
   0.050000   0.097420   0.015000
   0.055000   0.099201   0.015000
   0.060000   0.101506   0.015000
   0.065000   0.103156   0.015000
   0.070000   0.104984   0.015000
   0.075000   0.106987   0.015000
   0.080000   0.108915   0.015000
   0.085000   0.111003   0.015000
   0.090000   0.112842   0.015000
   0.095000   0.114991   0.015000
   0.100000   0.116663   0.015000
   0.105000   0.118388   0.015000
   0.110000   0.120646   0.015000
   0.115000   0.122243   0.015000
   0.120000   0.124247   0.015000
   0.125000   0.126021   0.015000
   0.130000   0.127896   0.015000
   0.135000   0.129660   0.015000
   0.140000   0.131779   0.015000
   0.145000   0.133594   0.015000
   0.150000   0.135448   0.015000
   0.155000   0.137233   0.015000
   0.160000   0.138919   0.015000
   0.165000   0.140790   0.015000
   0.170000   0.142905   0.015000
   0.175000   0.144709   0.015000
   0.180000   0.146364   0.015000
   0.185000   0.148257   0.015000
   0.190000   0.150265   0.015000
   0.195000   0.152172   0.015000
   0.200000   0.153785   0.015000
   0.205000   0.155439   0.015000
   0.210000   0.157090   0.015000
   0.215000   0.159162   0.015000
   0.220000   0.160792   0.015000
   0.225000   0.162572   0.015000
   0.230000   0.164481   0.015000
   0.235000   0.165885   0.015000
   0.240000   0.167653   0.015000
   0.245000   0.169560   0.015000
   0.250000   0.171572   0.015000
   0.255000   0.173215   0.015000
   0.260000   0.174673   0.015000
   0.265000   0.176542   0.015000
   0.270000   0.178181   0.015000
   0.275000   0.180180   0.015000
   0.280000   0.181527   0.015000
   0.285000   0.183233   0.015000
   0.290000   0.184992   0.015000
   0.295000   0.186672   0.015000
   0.300000   0.188184   0.015000
   0.305000   0.189918   0.015000
   0.310000   0.191391   0.015000
   0.315000   0.192804   0.015000
   0.320000   0.194586   0.015000
   0.325000   0.196050   0.015000
   0.330000   0.197634   0.015000
   0.335000   0.199109   0.015000
   0.340000   0.200763   0.015000
   0.345000   0.202590   0.015000
   0.350000   0.203889   0.015000
   0.355000   0.205156   0.015000
   0.360000   0.206657   0.015000
   0.365000   0.207866   0.015000
   0.370000   0.209141   0.015000
   0.375000   0.210383   0.015000
   0.380000   0.211534   0.015000
   0.385000   0.212499   0.015000
   0.390000   0.213516   0.015000
   0.395000   0.214566   0.015000
   0.400000   0.215588   0.015000
   0.405000   0.216336   0.015000
   0.410000   0.216752   0.015000
   0.415000   0.217421   0.015000
   0.420000   0.218209   0.015000
   0.425000   0.218824   0.015000
   0.430000   0.219297   0.015000
   0.435000   0.219526   0.015000
   0.440000   0.219672   0.015000
   0.445000   0.220088   0.015000
   0.450000   0.220168   0.015000
   0.455000   0.220148   0.015000
   0.460000   0.219955   0.015000
   0.465000   0.219937   0.015000
   0.470000   0.219618   0.015000
   0.475000   0.219825   0.015000
   0.480000   0.219404   0.015000
   0.485000   0.219240   0.015000
   0.490000   0.218903   0.015000
   0.495000   0.218463   0.015000
   0.500000   0.217919   0.015000
   0.505000   0.217508   0.015000
   0.510000   0.216875   0.015000
   0.515000   0.216014   0.015000
   0.520000   0.215263   0.015000
   0.525000   0.214439   0.015000
   0.530000   0.213385   0.015000
   0.535000   0.212112   0.015000
   0.540000   0.210993   0.015000
   0.545000   0.210072   0.015000
   0.550000   0.208816   0.015000
   0.555000   0.207624   0.015000
   0.560000   0.206312   0.015000
   0.565000   0.205013   0.015000
   0.570000   0.203360   0.015000
   0.575000   0.201863   0.015000
   0.580000   0.200367   0.015000
   0.585000   0.198649   0.015000
   0.590000   0.197031   0.015000
   0.595000   0.195410   0.015000
   0.600000   0.193593   0.015000
   0.605000   0.192012   0.015000
   0.610000   0.190308   0.015000
   0.615000   0.188437   0.015000
   0.620000   0.186589   0.015000
   0.625000   0.184758   0.015000
   0.630000   0.182964   0.015000
   0.635000   0.181197   0.015000
   0.640000   0.179286   0.015000
   0.645000   0.177281   0.015000
   0.650000   0.175501   0.015000
   0.655000   0.173561   0.015000
   0.660000   0.171520   0.015000
   0.665000   0.169560   0.015000
   0.670000   0.167527   0.015000
   0.675000   0.165535   0.015000
   0.680000   0.163446   0.015000
   0.685000   0.161256   0.015000
   0.690000   0.159044   0.015000
   0.695000   0.156990   0.015000
   0.700000   0.154842   0.015000
   0.705000   0.152622   0.015000
   0.710000   0.150468   0.015000
   0.715000   0.148181   0.015000
   0.720000   0.145966   0.015000
   0.725000   0.143500   0.015000
   0.730000   0.141294   0.015000
   0.735000   0.138871   0.015000
   0.740000   0.136427   0.015000
   0.745000   0.134033   0.015000
   0.750000   0.131593   0.015000
   0.755000   0.129340   0.015000
   0.760000   0.126838   0.015000
   0.765000   0.124574   0.015000
   0.770000   0.122115   0.015000
   0.775000   0.119684   0.015000
   0.780000   0.117128   0.015000
   0.785000   0.114839   0.015000
   0.790000   0.112556   0.015000
   0.795000   0.110147   0.015000
   0.800000   0.107670   0.015000
   0.805000   0.105263   0.015000
   0.810000   0.102976   0.015000
   0.815000   0.100779   0.015000
   0.820000   0.098226   0.015000
   0.825000   0.096042   0.015000
   0.830000   0.093662   0.015000
   0.835000   0.091192   0.015000
   0.840000   0.088874   0.015000
   0.845000   0.086677   0.015000
   0.850000   0.084385   0.015000
   0.855000   0.082404   0.015000
   0.860000   0.079948   0.015000
   0.865000   0.077708   0.015000
   0.870000   0.075455   0.015000
   0.875000   0.073103   0.015000
   0.880000   0.071151   0.015000
   0.885000   0.068970   0.015000
   0.890000   0.066852   0.015000
   0.895000   0.065001   0.015000
   0.900000   0.063034   0.015000
   0.905000   0.061075   0.015000
   0.910000   0.058872   0.015000
   0.915000   0.056673   0.015000
   0.920000   0.054929   0.015000
   0.925000   0.053119   0.015000
   0.930000   0.051177   0.015000
   0.935000   0.049261   0.015000
   0.940000   0.047692   0.015000
   0.945000   0.045804   0.015000
   0.950000   0.044042   0.015000
   0.955000   0.042291   0.015000
   0.960000   0.040272   0.015000
   0.965000   0.038536   0.015000
   0.970000   0.036702   0.015000
   0.975000   0.034936   0.015000
   0.980000   0.033341   0.015000
   0.985000   0.031727   0.015000
   0.990000   0.029921   0.015000
   0.995000   0.028229   0.015000
   1.000000   0.026601   0.015000
   1.005000   0.024984   0.015000
   1.010000   0.023383   0.015000
   1.015000   0.021941   0.015000
   1.020000   0.020405   0.015000
   1.025000   0.018906   0.015000
   1.030000   0.017406   0.015000
   1.035000   0.015880   0.015000
   1.040000   0.014439   0.015000
   1.045000   0.013027   0.015000
   1.050000   0.011669   0.015000
   1.055000   0.010319   0.015000
   1.060000   0.009046   0.015000
   1.065000   0.007823   0.015000
   1.070000   0.006632   0.015000
   1.075000   0.005572   0.015000
   1.080000   0.004301   0.015000
   1.085000   0.003387   0.015000
   1.090000   0.002112   0.015000
   1.095000   0.001097   0.015000
   1.100000  -0.000056   0.015000
   1.105000  -0.000968   0.015000
   1.110000  -0.001825   0.015000
   1.115000  -0.002793   0.015000
   1.120000  -0.003559   0.015000
   1.125000  -0.004546   0.015000
   1.130000  -0.004926   0.015000
   1.135000  -0.005786   0.015000
   1.140000  -0.006756   0.015000
   1.145000  -0.007431   0.015000
   1.150000  -0.008294   0.015000
   1.155000  -0.008941   0.015000
   1.160000  -0.009680   0.015000
   1.165000  -0.010207   0.015000
   1.170000  -0.011076   0.015000
   1.175000  -0.011588   0.015000
   1.180000  -0.012417   0.015000
   1.185000  -0.012969   0.015000
   1.190000  -0.013590   0.015000
   1.195000  -0.014458   0.015000
   1.200000  -0.014694   0.015000
   1.205000  -0.015531   0.015000
   1.210000  -0.016039   0.015000
   1.215000  -0.016661   0.015000
   1.220000  -0.017332   0.015000
   1.225000  -0.017861   0.015000
   1.230000  -0.018580   0.015000
   1.235000  -0.019094   0.015000
   1.240000  -0.019720   0.015000
   1.245000  -0.020226   0.015000
   1.250000  -0.020818   0.015000
   1.255000  -0.021688   0.015000
   1.260000  -0.022399   0.015000
   1.265000  -0.023125   0.015000
   1.270000  -0.023628   0.015000
   1.275000  -0.023874   0.015000
   1.280000  -0.024422   0.015000
   1.285000  -0.025104   0.015000
   1.290000  -0.025518   0.015000
   1.295000  -0.026177   0.015000
   1.300000  -0.026513   0.015000
   1.305000  -0.027049   0.015000
   1.310000  -0.027363   0.015000
   1.315000  -0.028018   0.015000
   1.320000  -0.028518   0.015000
   1.325000  -0.029009   0.015000
   1.330000  -0.029291   0.015000
   1.335000  -0.029921   0.015000
   1.340000  -0.030228   0.015000
   1.345000  -0.030571   0.015000
   1.350000  -0.031104   0.015000
   1.355000  -0.031769   0.015000
   1.360000  -0.032139   0.015000
   1.365000  -0.032574   0.015000
   1.370000  -0.033170   0.015000
   1.375000  -0.033306   0.015000
   1.380000  -0.033620   0.015000
   1.385000  -0.034243   0.015000
   1.390000  -0.034545   0.015000
   1.395000  -0.034771   0.015000
   1.400000  -0.035152   0.015000
   1.405000  -0.035727   0.015000
   1.410000  -0.035910   0.015000
   1.415000  -0.036298   0.015000
   1.420000  -0.036684   0.015000
   1.425000  -0.036977   0.015000
   1.430000  -0.037250   0.015000
   1.435000  -0.037617   0.015000
   1.440000  -0.037849   0.015000
   1.445000  -0.037951   0.015000
   1.450000  -0.038599   0.015000
   1.455000  -0.039099   0.015000
   1.460000  -0.039306   0.015000
   1.465000  -0.039862   0.015000
   1.470000  -0.040292   0.015000
   1.475000  -0.040722   0.015000
   1.480000  -0.041109   0.015000
   1.485000  -0.041684   0.015000
   1.490000  -0.042192   0.015000
   1.495000  -0.042515   0.015000
   1.500000  -0.043106   0.015000
   1.505000  -0.043705   0.015000
   1.510000  -0.044182   0.015000
   1.515000  -0.045102   0.015000
   1.520000  -0.045441   0.015000
   1.525000  -0.045922   0.015000
   1.530000  -0.046290   0.015000
   1.535000  -0.046715   0.015000
   1.540000  -0.047180   0.015000
   1.545000  -0.047426   0.015000
   1.550000  -0.047856   0.015000
   1.555000  -0.048078   0.015000
   1.560000  -0.048399   0.015000
   1.565000  -0.048938   0.015000
   1.570000  -0.049245   0.015000
   1.575000  -0.049631   0.015000
   1.580000  -0.049980   0.015000
   1.585000  -0.050174   0.015000
   1.590000  -0.050204   0.015000
   1.595000  -0.050750   0.015000
   1.600000  -0.051012   0.015000
   1.605000  -0.051061   0.015000
   1.610000  -0.051421   0.015000
   1.615000  -0.051716   0.015000
   1.620000  -0.052099   0.015000
   1.625000  -0.052414   0.015000
   1.630000  -0.052695   0.015000
   1.635000  -0.053073   0.015000
   1.640000  -0.053533   0.015000
   1.645000  -0.053605   0.015000
   1.650000  -0.053733   0.015000
   1.655000  -0.054035   0.015000
   1.660000  -0.054461   0.015000
   1.665000  -0.054966   0.015000
   1.670000  -0.055170   0.015000
   1.675000  -0.055226   0.015000
   1.680000  -0.055661   0.015000
   1.685000  -0.056024   0.015000
   1.690000  -0.056191   0.015000
   1.695000  -0.056330   0.015000
   1.700000  -0.056730   0.015000
   1.705000  -0.057100   0.015000
   1.710000  -0.057142   0.015000
   1.715000  -0.057465   0.015000
   1.720000  -0.058125   0.015000
   1.725000  -0.058330   0.015000
   1.730000  -0.058826   0.015000
   1.735000  -0.059061   0.015000
   1.740000  -0.059191   0.015000
   1.745000  -0.059430   0.015000
   1.750000  -0.059900   0.015000
   1.755000  -0.060268   0.015000
   1.760000  -0.060748   0.015000
   1.765000  -0.061277   0.015000
   1.770000  -0.061687   0.015000
   1.775000  -0.061981   0.015000
   1.780000  -0.062341   0.015000
   1.785000  -0.062537   0.015000
   1.790000  -0.062901   0.015000
   1.795000  -0.063328   0.015000
   1.800000  -0.063801   0.015000
   1.805000  -0.063873   0.015000
   1.810000  -0.064216   0.015000
   1.815000  -0.064647   0.015000
   1.820000  -0.065005   0.015000
   1.825000  -0.065256   0.015000
   1.830000  -0.065621   0.015000
   1.835000  -0.065969   0.015000
   1.840000  -0.066033   0.015000
   1.845000  -0.066247   0.015000
   1.850000  -0.066375   0.015000
   1.855000  -0.066762   0.015000
   1.860000  -0.067140   0.015000
   1.865000  -0.067583   0.015000
   1.870000  -0.067634   0.015000
   1.875000  -0.068030   0.015000
   1.880000  -0.068261   0.015000
   1.885000  -0.068831   0.015000
   1.890000  -0.069077   0.015000
   1.895000  -0.069366   0.015000
   1.900000  -0.069823   0.015000
   1.905000  -0.069803   0.015000
   1.910000  -0.069961   0.015000
   1.915000  -0.070325   0.015000
   1.920000  -0.070587   0.015000
   1.925000  -0.070859   0.015000
   1.930000  -0.070943   0.015000
   1.935000  -0.071098   0.015000
   1.940000  -0.071296   0.015000
   1.945000  -0.071349   0.015000
   1.950000  -0.071643   0.015000
   1.955000  -0.071674   0.015000
   1.960000  -0.072021   0.015000
   1.965000  -0.072151   0.015000
   1.970000  -0.072401   0.015000
   1.975000  -0.072708   0.015000
   1.980000  -0.072836   0.015000
   1.985000  -0.072836   0.015000
   1.990000  -0.073318   0.015000
   1.995000  -0.073549   0.015000
   2.000000  -0.073590   0.015000
  1.000000                                ->VEGCD
 158.000000   0.003175   0.152500   0.152500
 158.000000   0.003175   0.152500   0.152500
 158.000000   0.003175   0.152500   0.152500
 158.000000   0.003175   0.152500   0.152500
 158.000000   0.003175   0.152500   0.152500
 158.000000   0.003175   0.152500   0.152500
 158.000000   0.003175   0.152500   0.152500
 158.000000   0.003175   0.152500   0.152500
 158.000000   0.003175   0.152500   0.152500
 158.000000   0.003175   0.152500   0.152500
 158.000000   0.003175   0.152500   0.152500
 158.000000   0.003175   0.152500   0.152500
 158.000000   0.003175   0.152500   0.152500
 158.000000   0.003175   0.152500   0.152500
 158.000000   0.003175   0.152500   0.152500
 158.000000   0.003175   0.152500   0.152500
 158.000000   0.003175   0.152500   0.152500
 158.000000   0.003175   0.152500   0.152500
 158.000000   0.003175   0.152500   0.152500
 158.000000   0.003175   0.152500   0.152500
 158.000000   0.003175   0.152500   0.152500
 158.000000   0.003175   0.152500   0.152500
 158.000000   0.003175   0.152500   0.152500
 158.000000   0.003175   0.152500   0.152500
 158.000000   0.003175   0.152500   0.152500
 158.000000   0.003175   0.152500   0.152500
 158.000000   0.003175   0.152500   0.152500
 158.000000   0.003175   0.152500   0.152500
 158.000000   0.003175   0.152500   0.152500
 158.000000   0.003175   0.152500   0.152500
 158.000000   0.003175   0.152500   0.152500
 158.000000   0.003175   0.152500   0.152500
 158.000000   0.003175   0.152500   0.152500
 158.000000   0.003175   0.152500   0.152500
 158.000000   0.003175   0.152500   0.152500
 158.000000   0.003175   0.152500   0.152500
 158.000000   0.003175   0.152500   0.152500
 158.000000   0.003175   0.152500   0.152500
 158.000000   0.003175   0.152500   0.152500
 158.000000   0.003175   0.152500   0.152500
 158.000000   0.003175   0.152500   0.152500
 158.000000   0.003175   0.152500   0.152500
 158.000000   0.003175   0.152500   0.152500
 158.000000   0.003175   0.152500   0.152500
 158.000000   0.003175   0.152500   0.152500
 158.000000   0.003175   0.152500   0.152500
 158.000000   0.003175   0.152500   0.152500
 158.000000   0.003175   0.152500   0.152500
 158.000000   0.003175   0.152500   0.152500
 158.000000   0.003175   0.152500   0.152500
 158.000000   0.003175   0.152500   0.152500
 158.000000   0.003175   0.152500   0.152500
 158.000000   0.003175   0.152500   0.152500
 158.000000   0.003175   0.152500   0.152500
 158.000000   0.003175   0.152500   0.152500
 158.000000   0.003175   0.152500   0.152500
 158.000000   0.003175   0.152500   0.152500
 158.000000   0.003175   0.152500   0.152500
 158.000000   0.003175   0.152500   0.152500
 158.000000   0.003175   0.152500   0.152500
 158.000000   0.003175   0.152500   0.152500
 158.000000   0.003175   0.152500   0.152500
 158.000000   0.003175   0.152500   0.152500
 158.000000   0.003175   0.152500   0.152500
 158.000000   0.003175   0.152500   0.152500
 158.000000   0.003175   0.152500   0.152500
 158.000000   0.003175   0.152500   0.152500
 158.000000   0.003175   0.152500   0.152500
 158.000000   0.003175   0.152500   0.152500
 158.000000   0.003175   0.152500   0.152500
 158.000000   0.003175   0.152500   0.152500
 158.000000   0.003175   0.152500   0.152500
 158.000000   0.003175   0.152500   0.152500
 158.000000   0.003175   0.152500   0.152500
 158.000000   0.003175   0.152500   0.152500
 158.000000   0.003175   0.152500   0.152500
 158.000000   0.003175   0.152500   0.152500
 158.000000   0.003175   0.152500   0.152500
 158.000000   0.003175   0.152500   0.152500
 158.000000   0.003175   0.152500   0.152500
 158.000000   0.003175   0.152500   0.152500
 158.000000   0.003175   0.152500   0.152500
 158.000000   0.003175   0.152500   0.152500
 158.000000   0.003175   0.152500   0.152500
 158.000000   0.003175   0.152500   0.152500
 158.000000   0.003175   0.152500   0.152500
 158.000000   0.003175   0.152500   0.152500
 158.000000   0.003175   0.152500   0.152500
 158.000000   0.003175   0.152500   0.152500
 158.000000   0.003175   0.152500   0.152500
 158.000000   0.003175   0.152500   0.152500
 158.000000   0.003175   0.152500   0.152500
 158.000000   0.003175   0.152500   0.152500
 158.000000   0.003175   0.152500   0.152500
 158.000000   0.003175   0.152500   0.152500
 158.000000   0.003175   0.152500   0.152500
 158.000000   0.003175   0.152500   0.152500
 158.000000   0.003175   0.152500   0.152500
 158.000000   0.003175   0.152500   0.152500
 158.000000   0.003175   0.152500   0.152500
 158.000000   0.003175   0.152500   0.152500
 158.000000   0.003175   0.152500   0.152500
 158.000000   0.003175   0.152500   0.152500
 158.000000   0.003175   0.152500   0.152500
 158.000000   0.003175   0.152500   0.152500
 158.000000   0.003175   0.152500   0.152500
 158.000000   0.003175   0.152500   0.152500
 158.000000   0.003175   0.152500   0.152500
 158.000000   0.003175   0.152500   0.152500
 158.000000   0.003175   0.152500   0.152500
 158.000000   0.003175   0.152500   0.152500
 158.000000   0.003175   0.152500   0.152500
 158.000000   0.003175   0.152500   0.152500
 158.000000   0.003175   0.152500   0.152500
 158.000000   0.003175   0.152500   0.152500
 158.000000   0.003175   0.152500   0.152500
 158.000000   0.003175   0.152500   0.152500
 158.000000   0.003175   0.152500   0.152500
 158.000000   0.003175   0.152500   0.152500
 158.000000   0.003175   0.152500   0.152500
 158.000000   0.003175   0.152500   0.152500
 158.000000   0.003175   0.152500   0.152500
 158.000000   0.003175   0.152500   0.152500
 158.000000   0.003175   0.152500   0.152500
 158.000000   0.003175   0.152500   0.152500
 158.000000   0.003175   0.152500   0.152500
 158.000000   0.003175   0.152500   0.152500
 158.000000   0.003175   0.152500   0.152500
 158.000000   0.003175   0.152500   0.152500
 158.000000   0.003175   0.152500   0.152500
 158.000000   0.003175   0.152500   0.152500
 158.000000   0.003175   0.152500   0.152500
 158.000000   0.003175   0.152500   0.152500
 158.000000   0.003175   0.152500   0.152500
 158.000000   0.003175   0.152500   0.152500
 158.000000   0.003175   0.152500   0.152500
 158.000000   0.003175   0.152500   0.152500
 158.000000   0.003175   0.152500   0.152500
 158.000000   0.003175   0.152500   0.152500
 158.000000   0.003175   0.152500   0.152500
 158.000000   0.003175   0.152500   0.152500
 158.000000   0.003175   0.152500   0.152500
 158.000000   0.003175   0.152500   0.152500
 158.000000   0.003175   0.152500   0.152500
 158.000000   0.003175   0.152500   0.152500
 158.000000   0.003175   0.152500   0.152500
 158.000000   0.003175   0.152500   0.152500
 158.000000   0.003175   0.152500   0.152500
 158.000000   0.003175   0.152500   0.152500
 158.000000   0.003175   0.152500   0.152500
 158.000000   0.003175   0.152500   0.152500
 158.000000   0.003175   0.152500   0.152500
 158.000000   0.003175   0.152500   0.152500
 158.000000   0.003175   0.152500   0.152500
 158.000000   0.003175   0.152500   0.152500
 158.000000   0.003175   0.152500   0.152500
 158.000000   0.003175   0.152500   0.152500
 158.000000   0.003175   0.152500   0.152500
 158.000000   0.003175   0.152500   0.152500
 158.000000   0.003175   0.152500   0.152500
 158.000000   0.003175   0.152500   0.152500
 158.000000   0.003175   0.152500   0.152500
 158.000000   0.003175   0.152500   0.152500
 158.000000   0.003175   0.152500   0.152500
 158.000000   0.003175   0.152500   0.152500
 158.000000   0.003175   0.152500   0.152500
 158.000000   0.003175   0.152500   0.152500
 158.000000   0.003175   0.152500   0.152500
 158.000000   0.003175   0.152500   0.152500
 158.000000   0.003175   0.152500   0.152500
 158.000000   0.003175   0.152500   0.152500
 158.000000   0.003175   0.152500   0.152500
 158.000000   0.003175   0.152500   0.152500
 158.000000   0.003175   0.152500   0.152500
 158.000000   0.003175   0.152500   0.152500
 158.000000   0.003175   0.152500   0.152500
 158.000000   0.003175   0.152500   0.152500
 158.000000   0.003175   0.152500   0.152500
 158.000000   0.003175   0.152500   0.152500
 158.000000   0.003175   0.152500   0.152500
 158.000000   0.003175   0.152500   0.152500
 158.000000   0.003175   0.152500   0.152500
 158.000000   0.003175   0.152500   0.152500
 158.000000   0.003175   0.152500   0.152500
 158.000000   0.003175   0.152500   0.152500
 158.000000   0.003175   0.152500   0.152500
 158.000000   0.003175   0.152500   0.152500
 158.000000   0.003175   0.152500   0.152500
 158.000000   0.003175   0.152500   0.152500
 158.000000   0.003175   0.152500   0.152500
 158.000000   0.003175   0.152500   0.152500
 158.000000   0.003175   0.152500   0.152500
 158.000000   0.003175   0.152500   0.152500
 158.000000   0.003175   0.152500   0.152500
 158.000000   0.003175   0.152500   0.152500
 158.000000   0.003175   0.152500   0.152500
 158.000000   0.003175   0.152500   0.152500
 158.000000   0.003175   0.152500   0.152500
 158.000000   0.003175   0.152500   0.152500
 158.000000   0.003175   0.152500   0.152500
 158.000000   0.003175   0.152500   0.152500
 158.000000   0.003175   0.152500   0.152500
 158.000000   0.003175   0.152500   0.152500
 158.000000   0.003175   0.152500   0.152500
 158.000000   0.003175   0.152500   0.152500
 158.000000   0.003175   0.152500   0.152500
 158.000000   0.003175   0.152500   0.152500
 158.000000   0.003175   0.152500   0.152500
 158.000000   0.003175   0.152500   0.152500
 158.000000   0.003175   0.152500   0.152500
 158.000000   0.003175   0.152500   0.152500
 158.000000   0.003175   0.152500   0.152500
 158.000000   0.003175   0.152500   0.152500
 158.000000   0.003175   0.152500   0.152500
 158.000000   0.003175   0.152500   0.152500
 158.000000   0.003175   0.152500   0.152500
 158.000000   0.003175   0.152500   0.152500
 158.000000   0.003175   0.152500   0.152500
 158.000000   0.003175   0.152500   0.152500
 158.000000   0.003175   0.152500   0.152500
 158.000000   0.003175   0.152500   0.152500
 158.000000   0.003175   0.152500   0.152500
 158.000000   0.003175   0.152500   0.152500
 158.000000   0.003175   0.152500   0.152500
 158.000000   0.003175   0.152500   0.152500
 158.000000   0.003175   0.152500   0.152500
 158.000000   0.003175   0.152500   0.152500
 158.000000   0.003175   0.152500   0.152500
 158.000000   0.003175   0.152500   0.152500
 158.000000   0.003175   0.152500   0.152500
 158.000000   0.003175   0.152500   0.152500
 158.000000   0.003175   0.152500   0.152500
 158.000000   0.003175   0.152500   0.152500
 158.000000   0.003175   0.152500   0.152500
 158.000000   0.003175   0.152500   0.152500
 158.000000   0.003175   0.152500   0.152500
 158.000000   0.003175   0.152500   0.152500
 158.000000   0.003175   0.152500   0.152500
 158.000000   0.003175   0.152500   0.152500
 158.000000   0.003175   0.152500   0.152500
 158.000000   0.003175   0.152500   0.152500
 158.000000   0.003175   0.152500   0.152500
 158.000000   0.003175   0.152500   0.152500
 158.000000   0.003175   0.152500   0.152500
 158.000000   0.003175   0.152500   0.152500
 158.000000   0.003175   0.152500   0.152500
 158.000000   0.003175   0.152500   0.152500
 158.000000   0.003175   0.152500   0.152500
 158.000000   0.003175   0.152500   0.152500
 158.000000   0.003175   0.152500   0.152500
 158.000000   0.003175   0.152500   0.152500
 158.000000   0.003175   0.152500   0.152500
 158.000000   0.003175   0.152500   0.152500
 158.000000   0.003175   0.152500   0.152500
 158.000000   0.003175   0.152500   0.152500
 158.000000   0.003175   0.152500   0.152500
 158.000000   0.003175   0.152500   0.152500
 158.000000   0.003175   0.152500   0.152500
 158.000000   0.003175   0.152500   0.152500
 158.000000   0.003175   0.152500   0.152500
 158.000000   0.003175   0.152500   0.152500
 158.000000   0.003175   0.152500   0.152500
 158.000000   0.003175   0.152500   0.152500
 158.000000   0.003175   0.152500   0.152500
 158.000000   0.003175   0.152500   0.152500
 158.000000   0.003175   0.152500   0.152500
 158.000000   0.003175   0.152500   0.152500
 158.000000   0.003175   0.152500   0.152500
 158.000000   0.003175   0.152500   0.152500
 158.000000   0.003175   0.152500   0.152500
 158.000000   0.003175   0.152500   0.152500
 158.000000   0.003175   0.152500   0.152500
 158.000000   0.003175   0.152500   0.152500
 158.000000   0.003175   0.152500   0.152500
 158.000000   0.003175   0.152500   0.152500
 158.000000   0.003175   0.152500   0.152500
 158.000000   0.003175   0.152500   0.152500
 158.000000   0.003175   0.152500   0.152500
 158.000000   0.003175   0.152500   0.152500
 158.000000   0.003175   0.152500   0.152500
 158.000000   0.003175   0.152500   0.152500
 158.000000   0.003175   0.152500   0.152500
 158.000000   0.003175   0.152500   0.152500
 158.000000   0.003175   0.152500   0.152500
 158.000000   0.003175   0.152500   0.152500
 158.000000   0.003175   0.152500   0.152500
 158.000000   0.003175   0.152500   0.152500
 158.000000   0.003175   0.152500   0.152500
 158.000000   0.003175   0.152500   0.152500
 158.000000   0.003175   0.152500   0.152500
 158.000000   0.003175   0.152500   0.152500
 158.000000   0.003175   0.152500   0.152500
 158.000000   0.003175   0.152500   0.152500
 158.000000   0.003175   0.152500   0.152500
 158.000000   0.003175   0.152500   0.152500
 158.000000   0.003175   0.152500   0.152500
 158.000000   0.003175   0.152500   0.152500
 158.000000   0.003175   0.152500   0.152500
 158.000000   0.003175   0.152500   0.152500
 158.000000   0.003175   0.152500   0.152500
 158.000000   0.003175   0.152500   0.152500
 158.000000   0.003175   0.152500   0.152500
 158.000000   0.003175   0.152500   0.152500
 158.000000   0.003175   0.152500   0.152500
 158.000000   0.003175   0.152500   0.152500
 158.000000   0.003175   0.152500   0.152500
 158.000000   0.003175   0.152500   0.152500
 158.000000   0.003175   0.152500   0.152500
 158.000000   0.003175   0.152500   0.152500
 158.000000   0.003175   0.152500   0.152500
 158.000000   0.003175   0.152500   0.152500
 158.000000   0.003175   0.152500   0.152500
 158.000000   0.003175   0.152500   0.152500
 158.000000   0.003175   0.152500   0.152500
 158.000000   0.003175   0.152500   0.152500
 158.000000   0.003175   0.152500   0.152500
 158.000000   0.003175   0.152500   0.152500
 158.000000   0.003175   0.152500   0.152500
 158.000000   0.003175   0.152500   0.152500
 158.000000   0.003175   0.152500   0.152500
 158.000000   0.003175   0.152500   0.152500
 158.000000   0.003175   0.152500   0.152500
 158.000000   0.003175   0.152500   0.152500
 158.000000   0.003175   0.152500   0.152500
 158.000000   0.003175   0.152500   0.152500
 158.000000   0.003175   0.152500   0.152500
 158.000000   0.003175   0.152500   0.152500
 158.000000   0.003175   0.152500   0.152500
 158.000000   0.003175   0.152500   0.152500
 158.000000   0.003175   0.152500   0.152500
 158.000000   0.003175   0.152500   0.152500
 158.000000   0.003175   0.152500   0.152500
 158.000000   0.003175   0.152500   0.152500
 158.000000   0.003175   0.152500   0.152500
 158.000000   0.003175   0.152500   0.152500
 158.000000   0.003175   0.152500   0.152500
 158.000000   0.003175   0.152500   0.152500
 158.000000   0.003175   0.152500   0.152500
 158.000000   0.003175   0.152500   0.152500
 158.000000   0.003175   0.152500   0.152500
 158.000000   0.003175   0.152500   0.152500
 158.000000   0.003175   0.152500   0.152500
 158.000000   0.003175   0.152500   0.152500
 158.000000   0.003175   0.152500   0.152500
 158.000000   0.003175   0.152500   0.152500
 158.000000   0.003175   0.152500   0.152500
 158.000000   0.003175   0.152500   0.152500
 158.000000   0.003175   0.152500   0.152500
 158.000000   0.003175   0.152500   0.152500
 158.000000   0.003175   0.152500   0.152500
 158.000000   0.003175   0.152500   0.152500
 158.000000   0.003175   0.152500   0.152500
 158.000000   0.003175   0.152500   0.152500
 158.000000   0.003175   0.152500   0.152500
 158.000000   0.003175   0.152500   0.152500
 158.000000   0.003175   0.152500   0.152500
 158.000000   0.003175   0.152500   0.152500
 158.000000   0.003175   0.152500   0.152500
 158.000000   0.003175   0.152500   0.152500
 158.000000   0.003175   0.152500   0.152500
 158.000000   0.003175   0.152500   0.152500
 158.000000   0.003175   0.152500   0.152500
 158.000000   0.003175   0.152500   0.152500
 158.000000   0.003175   0.152500   0.152500
 158.000000   0.003175   0.152500   0.152500
 158.000000   0.003175   0.152500   0.152500
 158.000000   0.003175   0.152500   0.152500
 158.000000   0.003175   0.152500   0.152500
 158.000000   0.003175   0.152500   0.152500
 158.000000   0.003175   0.152500   0.152500
 158.000000   0.003175   0.152500   0.152500
 158.000000   0.003175   0.152500   0.152500
 158.000000   0.003175   0.152500   0.152500
 158.000000   0.003175   0.152500   0.152500
 158.000000   0.003175   0.152500   0.152500
 158.000000   0.003175   0.152500   0.152500
 158.000000   0.003175   0.152500   0.152500
 158.000000   0.003175   0.152500   0.152500
 158.000000   0.003175   0.152500   0.152500
 158.000000   0.003175   0.152500   0.152500
 158.000000   0.003175   0.152500   0.152500
 158.000000   0.003175   0.152500   0.152500
 158.000000   0.003175   0.152500   0.152500
 158.000000   0.003175   0.152500   0.152500
 158.000000   0.003175   0.152500   0.152500
 158.000000   0.003175   0.152500   0.152500
 158.000000   0.003175   0.152500   0.152500
 158.000000   0.003175   0.152500   0.152500
 158.000000   0.003175   0.152500   0.152500
 158.000000   0.003175   0.152500   0.152500
 158.000000   0.003175   0.152500   0.152500
 158.000000   0.003175   0.152500   0.152500
 158.000000   0.003175   0.152500   0.152500
 158.000000   0.003175   0.152500   0.152500
 158.000000   0.003175   0.152500   0.152500
 158.000000   0.003175   0.152500   0.152500
 158.000000   0.003175   0.152500   0.152500
 158.000000   0.003175   0.152500   0.152500
 158.000000   0.003175   0.152500   0.152500
 158.000000   0.003175   0.152500   0.152500
 158.000000   0.003175   0.152500   0.152500
